02 35 06 11 10 40 
02 35 3B 91 10 00 01 66 12 E3 01 02 00 00 00 00 19 01 02 64 64 12 F3 00 00 00 01 0D FF FF 01 22 00 00 00 00 00 00 64 00 00 00 00 00 02 22 00 00 00 00 00 00 64 00 00 00 00 0C E1
02 3F 06 11 11 39 
02 3F 89 91 11 00 01 48 13 69 07 02 00 00 00 21 D6 01 02 46 32 12 98 00 00 00 01 CB 12 98 02 02 46 32 12 93 00 00 00 01 BA 12 95 83 00 00 00 00 00 00 00 00 00 00 00 00 84 00 00 00 00 00 00 00 00 00 00 00 00 85 00 00 00 00 00 00 00 00 00 00 00 00 86 00 00 00 00 00 00 00 00 00 00 00 00 07 02 46 32 12 97 00 00 00 01 1A FF FF 81 12 00 00 00 00 00 00 00 00 00 00 00 00 82 12 00 00 00 00 00 00 00 00 00 00 00 00 2A
02 31 06 11 12 32 
02 31 63 91 12 00 01 64 12 F2 03 03 00 00 00 00 73 01 02 0A 0A 12 CB 00 00 00 01 A0 FF FF 02 02 0A 0A 12 91 00 00 00 01 8D FF FF 03 02 64 28 12 DE 00 00 00 FF FF FF FF 01 22 00 00 00 03 35 00 00 00 00 00 00 00 02 21 00 00 00 00 AE 00 64 00 17 00 0B B8 03 22 00 00 00 00 00 00 00 00 00 00 95 A6 4D
02 32 06 11 13 3A 
02 32 3A 91 13 00 01 50 12 F2 41 01 00 00 00 01 21 01 02 14 14 12 65 00 00 00 01 14 FF FF 05 02 28 32 12 83 21 26 FE 01 32 FF FF 01 21 00 13 00 00 0B 00 66 00 00 00 00 00 08
02 33 06 11 14 32 
02 33 48 91 14 00 01 60 12 B1 41 02 00 00 00 00 41 01 02 0A 0A 12 B7 00 00 00 00 FC FF FF 05 02 0A 0A 12 C6 11 26 FE 01 70 FF FF 01 22 00 00 00 00 00 00 64 00 00 00 01 B6 02 22 00 00 00 00 00 00 00 00 00 00 01 66 88
02 34 06 11 15 32 
02 34 3B 91 15 00 01 86 12 C7 01 02 01 90 00 15 C9 01 01 64 64 12 CB 00 00 00 01 79 FF FF 81 12 00 00 00 00 00 00 00 00 00 00 00 00 02 21 00 A4 00 01 BE 00 64 00 1A 00 0E AD 55
02 35 06 11 16 3A 
02 35 3B 91 16 00 01 66 12 E3 01 02 00 00 00 00 19 01 02 64 64 12 F3 00 00 00 01 0D FF FF 01 22 00 00 00 00 00 00 64 00 00 00 00 00 02 22 00 00 00 00 00 00 64 00 00 00 00 0C F3
02 3F 06 11 17 3F 
02 3F 89 91 17 00 01 48 13 67 07 02 00 00 00 21 D6 01 02 46 32 12 98 00 00 00 01 CB 12 98 02 02 46 32 12 93 00 00 00 01 BA 12 95 83 00 00 00 00 00 00 00 00 00 00 00 00 84 00 00 00 00 00 00 00 00 00 00 00 00 85 00 00 00 00 00 00 00 00 00 00 00 00 86 00 00 00 00 00 00 00 00 00 00 00 00 07 02 46 32 12 97 00 00 00 01 1A FF FF 81 12 00 00 00 00 00 00 00 00 00 00 00 00 82 12 00 00 00 00 00 00 00 00 00 00 00 00 EE
02 31 06 11 18 3C 
02 31 63 91 18 00 01 64 12 F2 03 03 00 00 00 00 73 01 02 0A 0A 12 CB 00 00 00 01 A0 FF FF 02 02 0A 0A 12 91 00 00 00 01 8D FF FF 03 02 64 28 12 DE 00 00 00 FF FF FF FF 01 22 00 00 00 03 35 00 00 00 00 00 00 00 02 21 00 00 00 00 AE 00 64 00 17 00 0B B8 03 22 00 00 00 00 00 00 00 00 00 00 95 A6 57
02 32 06 11 19 34 
02 32 3A 91 19 00 01 50 12 F2 41 01 00 00 00 01 21 01 02 14 14 12 65 00 00 00 01 14 FF FF 05 02 28 32 12 83 21 26 FE 01 32 FF FF 01 21 00 13 00 00 0B 00 66 00 00 00 00 00 02
02 33 06 11 1A 40 
02 33 48 91 1A 00 01 60 12 B1 41 02 00 00 00 00 41 01 02 0A 0A 12 B7 00 00 00 00 FC FF FF 05 02 0A 0A 12 C6 11 26 FE 01 70 FF FF 01 22 00 00 00 00 00 00 64 00 00 00 01 B6 02 22 00 00 00 00 00 00 00 00 00 00 01 66 3E
02 34 06 11 1B 40 
02 34 3B 91 1B 00 01 86 12 C7 01 02 01 90 00 15 C9 01 01 64 64 12 CB 00 00 00 01 79 FF FF 81 12 00 00 00 00 00 00 00 00 00 00 00 00 02 21 00 A4 00 01 BE 00 64 00 1A 00 0E AD 8F
02 35 06 11 1C 34 
02 35 3B 91 1C 00 01 66 12 E3 01 02 00 00 00 00 19 01 02 64 64 12 F3 00 00 00 01 0D FF FF 01 22 00 00 00 00 00 00 64 00 00 00 00 00 02 22 00 00 00 00 00 00 64 00 00 00 00 0C CD
02 3F 06 11 1D 35 
02 3F 89 91 1D 00 01 48 13 60 07 02 00 00 00 21 D6 01 02 46 32 12 98 00 00 00 01 CB 12 98 02 02 46 32 12 93 00 00 00 01 BA 12 95 83 00 00 00 00 00 00 00 00 00 00 00 00 84 00 00 00 00 00 00 00 00 00 00 00 00 85 00 00 00 00 00 00 00 00 00 00 00 00 86 00 00 00 00 00 00 00 00 00 00 00 00 07 02 46 32 12 97 00 00 00 01 1A FF FF 81 12 00 00 00 00 00 00 00 00 00 00 00 00 82 12 00 00 00 00 00 00 00 00 00 00 00 00 75
02 31 06 11 1E 3E 
02 31 63 91 1E 00 01 64 12 F2 03 03 00 00 00 00 73 01 02 0A 0A 12 CB 00 00 00 01 A0 FF FF 02 02 0A 0A 12 91 00 00 00 01 8D FF FF 03 02 64 28 12 DE 00 00 00 FF FF FF FF 01 22 00 00 00 03 35 00 00 00 00 00 00 00 02 21 00 00 00 00 AE 00 64 00 17 00 0B B8 03 22 00 00 00 00 00 00 00 00 00 00 95 A6 89
02 32 06 11 1F 36 
02 32 3A 91 1F 00 01 50 12 F9 41 01 00 00 00 01 21 01 02 14 14 12 65 00 00 00 01 14 FF FF 05 02 28 32 12 83 21 26 FE 01 32 FF FF 01 21 00 13 00 00 0B 00 66 00 00 00 00 00 BB
02 33 06 11 20 06 
02 33 48 91 20 00 01 60 12 B1 41 02 00 00 00 00 41 01 02 0A 0A 12 B7 00 00 00 00 FC FF FF 05 02 0A 0A 12 C6 11 26 FE 01 70 FF FF 01 22 00 00 00 00 00 00 64 00 00 00 01 B6 02 22 00 00 00 00 00 00 00 00 00 00 01 66 2C
02 34 06 11 21 06 
02 34 3B 91 21 00 01 86 12 C7 01 02 01 90 00 15 C9 01 01 64 64 12 CB 00 00 00 01 79 FF FF 81 12 00 00 00 00 00 00 00 00 00 00 00 00 02 21 00 A4 00 01 BE 00 64 00 1A 00 0E AD E9
02 35 06 11 22 0E 
02 35 3B 91 22 00 01 66 12 E3 01 02 00 00 00 00 19 01 02 64 64 12 F3 00 00 00 01 0D FF FF 01 22 00 00 00 00 00 00 64 00 00 00 00 00 02 22 00 00 00 00 00 00 64 00 00 00 00 0C 4F
02 3F 06 11 23 0B 
02 3F 89 91 23 00 01 48 13 61 07 02 00 00 00 21 D6 01 02 46 32 12 98 00 00 00 01 CB 12 98 02 02 46 32 12 93 00 00 00 01 BA 12 95 83 00 00 00 00 00 00 00 00 00 00 00 00 84 00 00 00 00 00 00 00 00 00 00 00 00 85 00 00 00 00 00 00 00 00 00 00 00 00 86 00 00 00 00 00 00 00 00 00 00 00 00 07 02 46 32 12 97 00 00 00 01 1A FF FF 81 12 00 00 00 00 00 00 00 00 00 00 00 00 82 12 00 00 00 00 00 00 00 00 00 00 00 00 28
02 31 06 11 24 08 
02 31 63 91 24 00 01 64 12 F2 03 03 00 00 00 00 73 01 02 0A 0A 12 CB 00 00 00 01 A0 FF FF 02 02 0A 0A 12 91 00 00 00 01 8D FF FF 03 02 64 28 12 DE 00 00 00 FF FF FF FF 01 22 00 00 00 03 35 00 00 00 00 00 00 00 02 21 00 00 00 00 AE 00 64 00 17 00 0B B8 03 22 00 00 00 00 00 00 00 00 00 00 95 A6 B3


02 33 06 11 BD 99 
02 33 48 91 BD 00 01 60 12 B1 41 02 00 00 00 00 41 01 02 0A 0A 12 B7 00 00 00 00 FC FF FF 05 02 0A 0A 12 C6 11 26 FE 01 70 FF FF 01 22 00 00 00 00 00 00 64 00 00 00 01 B6 02 22 00 00 00 00 00 00 00 00 00 00 01 66 17
02 34 06 11 BE 9B 
02 34 3B 91 BE 00 01 86 12 C7 01 02 01 90 00 15 CB 01 01 64 64 12 CB 00 00 00 01 79 FF FF 81 12 00 00 00 00 00 00 00 00 00 00 00 00 02 21 00 A5 00 01 BF 00 64 00 1A 00 0E AD EA
02 35 06 11 BF 91 
02 35 3B 91 BF 00 01 66 12 E3 01 02 00 00 00 00 19 01 02 64 64 12 F3 00 00 00 01 0D FF FF 01 22 00 00 00 00 00 00 64 00 00 00 00 00 02 22 00 00 00 00 00 00 64 00 00 00 00 0C 26
02 3F 06 11 C0 EA 
02 3F 89 91 C0 00 01 47 13 6C 07 02 00 00 00 21 D6 01 02 46 32 12 98 00 00 00 01 CB 12 98 02 02 46 32 12 93 00 00 00 01 BA 12 95 83 00 00 00 00 00 00 00 00 00 00 00 00 84 00 00 00 00 00 00 00 00 00 00 00 00 85 00 00 00 00 00 00 00 00 00 00 00 00 86 00 00 00 00 00 00 00 00 00 00 00 00 07 02 46 32 12 97 00 00 00 01 1A FF FF 81 12 00 00 00 00 00 00 00 00 00 00 00 00 82 12 00 00 00 00 00 00 00 00 00 00 00 00 81
02 31 06 11 C1 E3 
02 31 63 91 C1 00 01 64 12 F2 03 03 00 00 00 00 73 01 02 0A 0A 12 CB 00 00 00 01 A0 FF FF 02 02 0A 0A 12 91 00 00 00 01 8D FF FF 03 02 64 28 12 DE 00 00 00 FF FF FF FF 01 22 00 00 00 03 35 00 00 00 00 00 00 00 02 21 00 00 00 00 AE 00 64 00 17 00 0B B8 03 22 00 00 00 00 00 00 00 00 00 00 95 A6 EA
02 32 06 11 C2 E9 
02 32 3A 91 C2 00 01 50 12 F2 41 01 00 00 00 01 21 01 02 14 14 12 65 00 00 00 01 14 FF FF 05 02 28 32 12 82 21 26 FE 01 32 FF FF 01 21 00 12 00 00 0B 00 66 00 00 00 00 00 BD
02 33 06 11 C3 E7 
02 33 48 91 C3 00 01 60 12 B1 41 02 00 00 00 00 41 01 02 0A 0A 12 B7 00 00 00 00 FC FF FF 05 02 0A 0A 12 C6 11 26 FE 01 70 FF FF 01 22 00 00 00 00 00 00 64 00 00 00 01 B6 02 22 00 00 00 00 00 00 00 00 00 00 01 66 2D
02 34 06 11 C4 E1 
02 34 3B 91 C4 00 01 86 12 C7 01 02 01 90 00 15 CB 01 01 64 64 12 CB 00 00 00 01 79 FF FF 81 12 00 00 00 00 00 00 00 00 00 00 00 00 02 21 00 A5 00 01 BF 00 64 00 1A 00 0E AD 70 02 30 0D 05 C5 18 08 1D 10 04 38 04 D1 02 30 0D 05 C6 18 08 1D 10 04 38 04 C2 02 30 0D 05 C7 18 08 1D 10 04 38 04 DF 02 35 06 11 C8 E8 02 35 3B 91 C8 00 01 66 12 E3 01 02 00 00 00 00 19 01 02 64 64 12 F3 00 00 00 01 0D FF FF 01 22 00 00 00 00 00 00 64 00 00 00 00 00 02 22 00 00 00 00 00 00 64 00 00 00 00 0C 29
02 3F 06 11 C9 E1 
02 3F 89 91 C9 00 01 47 13 66 07 02 00 00 00 21 D6 01 02 46 32 12 98 00 00 00 01 CB 12 98 02 02 46 32 12 93 00 00 00 01 BA 12 95 83 00 00 00 00 00 00 00 00 00 00 00 00 84 00 00 00 00 00 00 00 00 00 00 00 00 85 00 00 00 00 00 00 00 00 00 00 00 00 86 00 00 00 00 00 00 00 00 00 00 00 00 07 02 46 32 12 97 00 00 00 01 1A FF FF 81 12 00 00 00 00 00 00 00 00 00 00 00 00 82 12 00 00 00 00 00 00 00 00 00 00 00 00 82
02 31 06 11 CA EA 
02 31 63 91 CA 00 01 64 12 F2 03 03 00 00 00 00 73 01 02 0A 0A 12 CB 00 00 00 01 A0 FF FF 02 02 0A 0A 12 91 00 00 00 01 8D FF FF 03 02 64 28 12 DE 00 00 00 FF FF FF FF 01 22 00 00 00 03 35 00 00 00 00 00 00 00 02 21 00 00 00 00 AE 00 64 00 17 00 0B B8 03 22 00 00 00 00 00 00 00 00 00 00 95 A6 45
02 32 06 11 CB E2 
02 32 3A 91 CB 00 01 50 12 F9 41 01 00 00 00 01 21 01 02 14 14 12 65 00 00 00 01 14 FF FF 05 02 28 32 12 83 21 26 FE 01 32 FF FF 01 21 00 12 00 00 0B 00 66 00 00 00 00 00 DC
02 33 06 11 CC EA 
02 33 48 91 CC 00 01 60 12 B1 41 02 00 00 00 00 41 01 02 0A 0A 12 B7 00 00 00 00 FC FF FF 05 02 0A 0A 12 C6 11 26 FE 01 70 FF FF 01 22 00 00 00 00 00 00 64 00 00 00 01 B6 02 22 00 00 00 00 00 00 00 00 00 00 01 66 50
02 34 06 11 CD EA 
02 34 3B 91 CD 00 01 86 12 C7 01 02 01 90 00 15 CB 01 01 64 64 12 CB 00 00 00 01 79 FF FF 81 12 00 00 00 00 00 00 00 00 00 00 00 00 02 21 00 A5 00 01 BF 00 64 00 1A 00 0E AD B5
02 35 06 11 CE E2 
02 35 3B 91 CE 00 01 66 12 E3 01 02 00 00 00 00 19 01 02 64 64 12 F3 00 00 00 01 0D FF FF 01 22 00 00 00 00 00 00 64 00 00 00 00 00 02 22 00 00 00 00 00 00 64 00 00 00 00 0C 5B
02 3F 06 11 CF E7 
02 3F 89 91 CF 00 01 47 13 63 07 02 00 00 00 21 D6 01 02 46 32 12 98 00 00 00 01 CB 12 98 02 02 46 32 12 93 00 00 00 01 BA 12 95 83 00 00 00 00 00 00 00 00 00 00 00 00 84 00 00 00 00 00 00 00 00 00 00 00 00 85 00 00 00 00 00 00 00 00 00 00 00 00 86 00 00 00 00 00 00 00 00 00 00 00 00 07 02 46 32 12 97 00 00 00 01 1A FF FF 81 12 00 00 00 00 00 00 00 00 00 00 00 00 82 12 00 00 00 00 00 00 00 00 00 00 00 00 77
02 31 06 11 D0 F4 
02 31 63 91 D0 00 01 64 12 F2 03 03 00 00 00 00 73 01 02 0A 0A 12 CB 00 00 00 01 A0 FF FF 02 02 0A 0A 12 91 00 00 00 01 8D FF FF 03 02 64 28 12 DE 00 00 00 FF FF FF FF 01 22 00 00 00 03 35 00 00 00 00 00 00 00 02 21 00 00 00 00 AE 00 64 00 17 00 0B B8 03 22 00 00 00 00 00 00 00 00 00 00 95 A6 4F
02 32 06 11 D1 FC 
02 32 3A 91 D1 00 01 50 12 F9 41 01 00 00 00 01 21 01 02 14 14 12 65 00 00 00 01 14 FF FF 05 02 28 32 12 83 21 26 FE 01 32 FF FF 01 21 00 12 00 00 0B 00 66 00 00 00 00 00 22
02 33 06 11 D2 F8 
02 33 48 91 D2 00 01 60 12 B1 41 02 00 00 00 00 41 01 02 0A 0A 12 B7 00 00 00 00 FC FF FF 05 02 0A 0A 12 C6 11 26 FE 01 70 FF FF 01 22 00 00 00 00 00 00 64 00 00 00 01 B6 02 22 00 00 00 00 00 00 00 00 00 00 01 66 66
02 34 06 11 D3 F8 
02 34 3B 91 D3 00 01 86 12 C7 01 02 01 90 00 15 CB 01 01 64 64 12 CB 00 00 00 01 79 FF FF 81 12 00 00 00 00 00 00 00 00 00 00 00 00 02 21 00 A5 00 01 BF 00 64 00 1A 00 0E AD 9B
02 35 06 11 D4 FC 
02 35 3B 91 D4 00 01 66 12 E3 01 02 00 00 00 00 19 01 02 64 64 12 F3 00 00 00 01 0D FF FF 01 22 00 00 00 00 00 00 64 00 00 00 00 00 02 22 00 00 00 00 00 00 64 00 00 00 00 0C 55
02 3F 06 11 D5 FD 
02 3F 89 91 D5 00 01 48 13 62 07 02 00 00 00 21 D6 01 02 46 32 12 98 00 00 00 01 CB 12 98 02 02 46 32 12 93 00 00 00 01 BA 12 95 83 00 00 00 00 00 00 00 00 00 00 00 00 84 00 00 00 00 00 00 00 00 00 00 00 00 85 00 00 00 00 00 00 00 00 00 00 00 00 86 00 00 00 00 00 00 00 00 00 00 00 00 07 02 46 32 12 97 00 00 00 01 1A FF FF 81 12 00 00 00 00 00 00 00 00 00 00 00 00 82 12 00 00 00 00 00 00 00 00 00 00 00 00 0F
02 31 06 11 D6 F6 
02 31 63 91 D6 00 01 64 12 F2 03 03 00 00 00 00 73 01 02 0A 0A 12 CB 00 00 00 01 A0 FF FF 02 02 0A 0A 12 91 00 00 00 01 8D FF FF 03 02 64 28 12 DE 00 00 00 FF FF FF FF 01 22 00 00 00 03 35 00 00 00 00 00 00 00 02 21 00 00 00 00 AE 00 64 00 17 00 0B B8 03 22 00 00 00 00 00 00 00 00 00 00 95 A6 C1
02 32 06 11 D7 FE 
02 32 3A 91 D7 00 01 50 12 F9 41 01 00 00 00 01 21 01 02 14 14 12 65 00 00 00 01 14 FF FF 05 02 28 32 12 83 21 26 FE 01 32 FF FF 01 21 00 12 00 00 0B 00 66 00 00 00 00 00 C0
02 33 06 11 D8 FE 
02 33 48 91 D8 00 01 60 12 B1 41 02 00 00 00 00 41 01 02 0A 0A 12 B7 00 00 00 00 FC FF FF 05 02 0A 0A 12 C6 11 26 FE 01 70 FF FF 01 22 00 00 00 00 00 00 64 00 00 00 01 B6 02 22 00 00 00 00 00 00 00 00 00 00 01 66 94
02 34 06 11 D9 FE 
02 34 3B 91 D9 00 01 86 12 C7 01 02 01 90 00 15 CB 01 01 64 64 12 CB 00 00 00 01 79 FF FF 81 12 00 00 00 00 00 00 00 00 00 00 00 00 02 21 00 A4 00 01 BF 00 64 00 1A 00 0E AD 92
02 35 06 11 DA F6 
02 35 3B 91 DA 00 01 66 12 E3 01 02 00 00 00 00 19 01 02 64 64 12 F3 00 00 00 01 0D FF FF 01 22 00 00 00 00 00 00 64 00 00 00 00 00 02 22 00 00 00 00 00 00 64 00 00 00 00 0C D7
