02 31 07 11 D1 03 FC
02 31 1E 91 D1 E3 20 83 00 64 00 64 00 00 00 59 01 39 00 00 01 5B 16 CF 05 59 00 00 00 8B
02 41 07 11 D2 01 85
02 41 08 91 D2 01 16 05
02 D1 07 02 D3 00 06
02 D1 30 82 D3 80 05 01 00 52 59 40 00 05 18 02 00 06 86 FF
02 31 07 11 D4 01 F3
02 31 1E 91 D4 E1 C0 83 00 64 00 64 00 00 05 4E 01 67 02 F7 02 60 19 20 02 D2 1E 19 00 74
02 31 07 11 D5 02 F7
02 31 1E 91 D5 E2 20 83 00 64 00 64 00 00 00 5B 00 F4 00 00 00 5A 08 65 07 70 00 E3 08 34
02 42 07 11 D6 01 84
02 42 08 91 D6 01 16 1E
02 D1 07 02 D7 00 02
02 D1 30 82 D7 80 05 01 00 52 59 40 00 05 18 02 00 FE
02 31 07 11 D8 03 FD
02 31 1E 91 D8 E3 20 83 00 64 00 64 00 00 00 59 01 37 00 00 01 5B 16 CF 05 59 00 00 00 86
02 31 07 11 D9 01 02
02 31 1E 91 D9 E1 C0 83 00 64 00 64 00 00 05 4D 01 6F 02 F7 02 60 19 20 02 D2 1E 19 00 A0
02 41 07 11 DA 01 8D
02 41 08 91 DA 01 16 1D
02 D1 07 02 DB 00 0E
02 D1 30 82 DB 80 05 01 00 52 59 F0
02 31 07 11 DC 02 FA
02 31 1E 91 DC E2 20 83 00 64 00 64 00 00 00 5B 00 F4 00 00 00 5A 08 65 07 70 00 E3 08 37
02 31 07 11 DD 03 00
02 31 1E 91 DD E3 20 83 00 64 00 64 00 00 00 59 01 36 00 00 01 5B 16 CF 05 59 00 00 00 8C
02 42 07 11 DE 01 8C
02 42 08 91 DE 01 16 16
02 D1 07 02 DF 00 0A 02 D1
02 31 07 11 E0 01 C7
02 31 1E 91 E0 E1 C0 83 00 64 00 64 00 00 05 4D 01 72 02 F8 02 60 19 20 02 D2 1E 19 00 C1
02 31 07 11 E1 02 CB
02 31 1E 91 E1 E2 20 83 00 64 00 64 00 00 00 5B 00 F4 00 00 00 5A 08 65 07 70 00 E3 08 D8
02 41 07 11 E2 01 B5
02 41 08 91 E2 01 16 55
02 D1 07 02 E3 00 36
02 D1 30 82 E3 80 05 01 00 52 59 40 00 05 11 02 00 06 86 77 00 FE
02 31 07 11 E4 03 C1
02 31 1E 91 E4 E3 20 83 00 64 00 64 00 00 00 59 01 34 00 00 01 5B 16 CF 05 59 00 00 00 85
02 31 07 11 E5 01 C6
02 31 1E 91 E5 E1 C0 83 00 64 00 64 00 00 05 4C 01 6A 02 F7 02 60 19 20 02 D2 1E 19 00 5C
02 42 07 11 E6 01 B4
02 42 08 91 E6 01 16 2E
02 D1 07 02 E7 00 32
02 D1 30 82 E7 80 05 01 00 52 59 40 00 05 11 02 00 06 86 77 00 FE
02 31 07 11 E8 02 CE
02 31 1E 91 E8 E2 20 83 00 64 00 64 00 00 00 5B 00 F4 00 00 00 5A 08 65 07 70 00 E3 08 2B
02 31 07 11 E9 03 D4
02 31 1E 91 E9 E3 20 83 00 64 00 64 00 00 00 59 01 33 00 00 01 5B 16 CF 05 59 00 00 00 99
02 41 07 11 EA 01 BD
02 41 08 91 EA 01 16 2D
02 D1 07 02 EB 00 3E
02 31 07 11 EC 01 CB
02 31 1E 91 EC E1 C0 83 00 64 00 64 00 00 05 4A 01 6C 02 F8 02 60 19 20 02 D2 1E 19 00 AC
02 31 07 11 ED 02 CF
02 31 1E 91 ED E2 20 83 00 64 00 64 00 00 00 5A 00 F4 00 00 00 5A 08 65 07 70 00 E3 08 1D
02 42 07 11 EE 01 BC
02 42 08 91 EE 01 16 26
02 D1 07 02 EF 00 3A
02 D1 30 82 EF 80 05 01 00 52 59 40 00 04 50 02 00 06 86 77 00 FF
02 31 07 11 F0 03 D5
02 31 1E 91 F0 E3 20 83 00 64 00 64 00 00 00 59 01 39 00 00 01 5B 16 CF 05 59 00 00 00 68
02 31 07 11 F1 01 DA
02 31 1E 91 F1 E1 C0 83 00 64 00 64 00 00 05 4B 01 5D 02 F9 02 60 19 20 02 D2 1E 19 00 D2
02 41 07 11 F2 01 A5


02 28 15 A1 C3 10 22 03 02 17 00 CC 02 17 00 D0 02 54 00 C8 E5
02 28 07 11 C4 02 F9
02 28 10 91 C4 02 02 17 00 D0 00 25 00 00 00 7B
02 31 00 C5 00 00 00 00 00 F6
02 31 80 C5 80 00 00 00 00 F6
02 61 00 C6 00 00 00 00 00 A9
02 61 80 C6 00 00 01 00 00 2A
02 28 06 21 C7 D8
02 28 15 A1 C7 10 22 03 02 17 00 CC 02 17 00 D0 02 54 00 C8 E1
02 28 07 11 C8 03 F6
02 28 10 91 C8 03 02 54 00 C8 00 25 00 00 00 E1
02 31 00 C9 00 00 00 00 00 02
02 31 80 C9 80 00 00 00 00 02
02 61 00 CA 00 00 00 00 00 B5
02 61 80 CA 00 00 01 00 00 36
02 28 06 21 CB DC
02 28 15 A1 CB 10 22 03 02 17 00 CC 02 17 00 D0 02 54 00 C8 9D
02 28 07 11 CC 01 F4
02 28 10 91 CC 01 02 17 00 CC 00 25 00 00 00 9C
02 31 00 CD 00 00 00 00 00 FE
02 31 80 CD 80 00 00 00 00 FE
02 61 00 CE 00 00 00 00 00 B1
02 61 80 CE 00 00 01 00 00 32
02 28 06 21 CF E0
02 28 15 A1 CF 10 22 03 02 17 00 CC 02 17 00 D0 02 54 00 C8 F9
02 28 07 11 D0 02 ED
02 28 10 91 D0 02 02 17 00 D0 00 25 00 00 00 9F
02 31 00 D1 00 00 00 00 00 EA
02 31 80 D1 80 00 00 00 00 EA
02 61 00 D2 00 00 00 00 00 BD
02 61 80 D2 00 00 01 00 00 3E
02 28 06 21 D3 C4
02 28 15 A1 D3 10 22 03 02 17 00 CC 02 17 00 D0 02 54 00 C8 F5
02 28 07 11 D4 03 EA
02 28 10 91 D4 03 02 54 00 C8 00 25 00 00 00 C5
02 31 00 D5 00 00 00 00 00 E6
02 31 80 D5 80 00 00 00 00 E6
02 61 00 D6 00 00 00 00 00 B9
02 61 80 D6 00 00 01 00 00 3A
02 28 06 21 D7 C8
02 28 15 A1 D7 10 22 03 02 17 00 CC 02 17 00 D0 02 54 00 C8 F1
02 28 07 11 D8 01 E8
02 28 10 91 D8 01 02 17 00 CC 00 25 00 00 00 98
02 31 00 D9 00 00 00 00 00 F2
02 31 80 D9 80 00 00 00 00 F2
02 61 00 DA 00 00 00 00 00 C5
02 61 80 DA 00 00 01 00 00 46
02 28 06 21 DB CC
02 28 15 A1 DB 10 22 03 02 17 00 CC 02 17 00 D0 02 54 00 C8 ED
02 28 07 11 DC 02 E1
02 28 10 91 DC 02 02 17 00 D0 00 25 00 00 00 A3
02 31 00 DD 00 00 00 00 00 EE
02 31 80 DD 80 00 00 00 00 EE
02 61 00 DE 00 00 00 00 00 C1
02 61 80 DE 00 00 01 00 00 42
02 28 06 21 DF D0
02 28 15 A1 DF 10 22 03 02 17 00 CC 02 17 00 D0 02 54 00 C8 89
02 28 07 11 E0 03 DE
02 28 10 91 E0 03 02 54 00 C8 00 25 00 00 00 F9
02 31 00 E1 00 00 00 00 00 DA
02 31 80 E1 80 00 00 00 00 DA
02 61 00 E2 00 00 00 00 00 8D
02 61 80 E2 00 00 01 00 00 0E
02 28 06 21 E3 F4